Species	pplâ‘ 	pplâ‘ˇ	pplâ‘˘	pplâ‘Ł	pplâ‘¤	pssâ‘ 	pssâ‘ˇ	pssâ‘˘	pssâ‘Ł	pssâ‘¤	bbcâ‘ 	bbcâ‘ˇ	bbcâ‘˘	bbcâ‘Ł	bbcâ‘¤	sreâ‘ 	sreâ‘ˇ	sreâ‘˘	sreâ‘Ł	sreâ‘¤
DAG30:2(14:1/16:1)	0.000368708	0.000441685	0.000352529	0.000638818	0.000301968	0.000377158	0.000569945	0.000481376	0.000902895	0.001123209	0.000894364	0.000671751	0.000816181	0.000608126	0.001111254	0.001686804	0.000886482	0.001895489	0.00102712	0.001401197
DAG30:1(14:0/16:1)	0.000718512	0.001006264	0.000389942	0.001355846	0.000517715	0.001045565	0.001049337	0.000728475	0.001283574	0.001823174	0.002110035	0.001549957	0.00197453	0.001593624	0.002725981	0.002641262	0.001807788	0.004609975	0.002149545	0.00277218
DAG32:2(18:2/14:0)	0.000666755	0.000379332	0.000199838	0.000672308	0.000286647	0.000300331	0.001100292	0.000632138	0.000912277	0.000992351	0.001126674	0.000842206	0.001244729	0.000716616	0.001629511	0.001465943	0.00059462	0.001463907	0.000862343	0.001518904
DAG32:2(16:1/16:1)	0.003501188	0.002067934	0.002096935	0.003182243	0.002208216	0.004862394	0.004784525	0.003505975	0.005535522	0.006705243	0.006088024	0.004763979	0.005629955	0.00566267	0.009334345	0.008973929	0.004795408	0.014102088	0.006154652	0.009361546
DAG32:1(16:1/16:0)	0.001619263	0.001673477	0.001046797	0.001662088	0.001180525	0.00259157	0.002822518	0.002209908	0.002102631	0.003541642	0.004063161	0.003403821	0.003337067	0.004099758	0.005751625	0.005511901	0.004200932	0.007258672	0.004344514	0.008140331
DAG32:1(14:0/18:1)	0.000466007	0.000955857	0.00023816	0.000840968	0.0004257	0.000830715	0.000558094	0.000413402	0.000836879	0.001198574	0.001301611	0.000884195	0.001081905	0.001398736	0.001525358	0.002647679	0.000949403	0.003150915	0.001471181	0.001669403
DAG34:3(18:2/16:1)	0.001998634	0.001157436	0.001164824	0.001568313	0.000864279	0.001405828	0.002391418	0.001847822	0.002245345	0.002230307	0.001336333	0.001451321	0.0015447	0.001711817	0.002949434	0.002847893	0.00194209	0.002781674	0.00200895	0.002302336
DAG34:2(16:0/18:2)	0.001472906	0.001498923	0.000930581	0.002017343	0.001059983	0.002208518	0.002747661	0.001359814	0.002418383	0.002723936	0.002696105	0.002117579	0.00225414	0.002502945	0.004495081	0.004498074	0.002360519	0.004124043	0.002406517	0.003635304
DAG34:2(16:1/18:1)	0.002181189	0.00159133	0.001297452	0.002458493	0.001211887	0.002894584	0.003140925	0.002021187	0.002907641	0.003895835	0.002252818	0.00190917	0.002850478	0.003202012	0.004321939	0.00538726	0.003539566	0.007008627	0.003804402	0.005358023
DAG34:1(16:0/18:1)	0.00148075	0.002112862	0.000868163	0.002019474	0.000942876	0.002216222	0.002135058	0.001413336	0.002887796	0.003982848	0.003821074	0.003054057	0.003430644	0.004663742	0.004966889	0.00678038	0.00367561	0.008940277	0.004772377	0.006829317
DAG36:3(18:2/18:1)	0.001957421	0.000834008	0.001134054	0.001553425	0.000898957	0.001433158	0.00281888	0.001169333	0.002414771	0.00264582	0.001675021	0.000328888	0.000880038	0.001802665	0.002413525	0.004045637	0.001384469	0.003351679	0.002157943	0.003767312
DAG36:2(18:1/18:1)	0.002020788	0.002402918	0.001015386	0.001553793	0.00083089	0.002829562	0.002506144	0.001412052	0.002891996	0.004942703	0.002531747	0.0019475	0.002225798	0.004928036	0.003673592	0.007685337	0.002534641	0.010866443	0.003996497	0.006944258
TAG40:2(14:1)	0.00011252	0.000142326	6.34882E-05	0.000352859	0.000105094	0.000241647	0.000224171	0.000202177	0.000310118	0.000226427	0.000264841	0.000289904	0.000339172	0.000250228	0.000407247	0.000377914	0.000256735	0.000486182	0.000525692	0.000694363
TAG40:1(14:1)	0.000227045	0.000280493	0.000124488	0.00069975	0.000215759	0.000449546	0.000361185	0.00034737	0.000410291	0.000396355	0.00048605	0.000606661	0.000706971	0.000425299	0.000842641	0.000793081	0.000603439	0.000792962	0.001202526	0.0011392
TAG42:2(14:1)	0.000463159	0.000554401	0.000257281	0.001448524	0.00045423	0.001205559	0.000919297	0.000874074	0.001210046	0.001012247	0.000796089	0.001150434	0.00125625	0.000729653	0.001503673	0.001453919	0.001052215	0.001521266	0.002223166	0.002058416
TAG42:1(14:1)	0.000470239	0.000503622	0.000233376	0.001368732	0.00042712	0.000982946	0.000657272	0.000786662	0.000931091	0.00073848	0.000669942	0.000900706	0.001198905	0.000639188	0.001366125	0.00152839	0.001308302	0.001513556	0.002782087	0.002092345
TAG42:0(14:0)	0.00151617	0.001680679	0.000680374	0.003109236	0.001236078	0.002383752	0.001406136	0.001544483	0.001973769	0.002009509	0.001971742	0.002621775	0.003906542	0.001989918	0.004269636	0.005734193	0.005541888	0.004703383	0.010377857	0.006288627
TAG44:2(16:1)	0.000768866	0.00077256	0.00049732	0.001558712	0.000647533	0.002619397	0.002172247	0.001731952	0.002582601	0.002235761	0.002204779	0.002787715	0.003241043	0.002040147	0.004102391	0.003070494	0.002095783	0.003885904	0.004503037	0.004486174
TAG44:1(14:1)	0.000256355	0.000312089	0.000140803	0.000612328	0.000207006	0.000465944	0.000345787	0.000357015	0.000504049	0.00043713	0.000403534	0.000511939	0.000681502	0.000427836	0.000661185	0.000923983	0.000820276	0.001019469	0.001596113	0.001185833
TAG44:1(16:1)	0.001014646	0.001157744	0.000592127	0.002220564	0.000878717	0.002163645	0.001679286	0.001373331	0.001911705	0.001853769	0.002702537	0.003079623	0.004066899	0.002392769	0.004030003	0.00369882	0.003107679	0.004029863	0.005891892	0.004601141
TAG46:3(18:2)	0.00022981	0.000174994	0.000162028	0.00031286	0.000181704	0.000815935	0.000860504	0.000657422	0.000768015	0.000743974	0.000617134	0.000757915	0.000784613	0.000492603	0.001173627	0.000813014	0.000481765	0.00090073	0.000995954	0.001101909
TAG46:3(16:1)	0.000754248	0.000740154	0.000539612	0.001172269	0.000586368	0.002871996	0.002648107	0.002270059	0.003046376	0.002488873	0.002067946	0.002635547	0.002817472	0.001979564	0.004116375	0.003261769	0.001890222	0.003867811	0.004251636	0.004924577
TAG46:2(18:2)	0.000249323	0.000262346	0.000187647	0.000370167	0.000218677	0.00100235	0.000910248	0.000514141	0.000715393	0.000676452	0.001277786	0.001195538	0.001598225	0.000844187	0.001856509	0.00084265	0.000743219	0.001013773	0.001126063	0.001098356
TAG46:1(16:1)	0.001070539	0.001319182	0.00065936	0.002164245	0.000920476	0.001974459	0.001502602	0.001540229	0.00171151	0.001804005	0.002209084	0.002921781	0.00383272	0.002564377	0.003761515	0.004117463	0.003238862	0.00480039	0.006082555	0.004454284
TAG48:4(18:2)	0.0001692	0.000149537	0.000167654	0.000209892	0.00015056	0.000625271	0.000688907	0.000660921	0.0007674	0.000530361	0.000340361	0.00043362	0.000455848	0.000313401	0.000768606	0.000645703	0.000355196	0.000785807	0.000814616	0.000950307
TAG48:3(18:2)	0.000640721	0.000557257	0.000496692	0.000856956	0.000535096	0.001890727	0.002002981	0.00157814	0.00193628	0.001515869	0.001514218	0.001794565	0.002115513	0.00136065	0.002944464	0.002166971	0.001333949	0.002378231	0.00277462	0.002691823
TAG48:3(16:1)	0.002882313	0.002712498	0.002281524	0.004147036	0.002626204	0.009553315	0.00929468	0.009670818	0.010850372	0.008606932	0.005993957	0.009113666	0.01005153	0.007511194	0.013716363	0.013636276	0.0078957	0.016980822	0.018592323	0.021131581
TAG48:3(16:0)	0.000216234	0.000192761	0.000165494	0.00026673	0.000165889	0.000718105	0.000711445	0.000550431	0.000669807	0.000578045	0.000642972	0.000814972	0.000991877	0.000582705	0.001196331	0.000675854	0.000460249	0.000811867	0.000945437	0.00081788
TAG48:2(18:2)	0.000348695	0.000348699	0.000254131	0.000514161	0.00029357	0.000906638	0.00086581	0.000650072	0.000740184	0.000604145	0.001162883	0.001184742	0.001666192	0.001018749	0.00178975	0.001108918	0.000849493	0.00124671	0.001564832	0.001248556
TAG48:2(16:1)	0.003941726	0.003561102	0.002586558	0.006264543	0.003228435	0.009195122	0.007780917	0.006862433	0.008678919	0.007296377	0.008223023	0.012616248	0.014394234	0.010431419	0.01682931	0.012847735	0.010324144	0.016406507	0.021616996	0.017437459
TAG48:1(16:0)	0.002856034	0.003002858	0.001529179	0.005979965	0.002334363	0.005058552	0.003756995	0.003571157	0.004551555	0.004549324	0.006515498	0.008601488	0.011955911	0.007252886	0.011724183	0.010435519	0.010078886	0.011438933	0.018635525	0.013422218
TAG48:1(16:1)	0.000647853	0.000848335	0.000465488	0.00104875	0.000543738	0.001347296	0.001183136	0.001295988	0.001226515	0.00127742	0.001858496	0.002592732	0.003373153	0.002348531	0.003118456	0.00261723	0.002484441	0.004018048	0.00383941	0.003397398
TAG48:0(16:0)	0.000359344	0.000646271	0.000311187	0.000271844	0.000315311	0.000561595	0.000552348	0.001247128	0.00061078	0.000771514	0.00052774	0.000585921	0.000811141	0.000992882	0.000520093	0.001545416	0.001288538	0.003084401	0.00125679	0.001503569
TAG50:4(18:2)	0.000774809	0.00064725	0.000659074	0.000784405	0.000552969	0.002076505	0.002391835	0.00259493	0.00233361	0.001704862	0.000920302	0.001548817	0.001512682	0.001129584	0.002474373	0.002676291	0.001335799	0.002892103	0.003298603	0.0042085
TAG50:4(16:2)	3.34213E-05	3.9386E-05	3.50737E-05	4.42836E-05	2.85099E-05	9.89838E-05	0.000117364	0.000109759	0.000114851	7.19591E-05	3.22071E-05	6.81948E-05	7.36336E-05	4.27365E-05	0.000103522	0.000112882	5.7139E-05	0.000156427	0.000130077	0.000186593
TAG50:3(18:2)	0.001017031	0.00089771	0.000907235	0.001151924	0.000859159	0.002626064	0.002746724	0.002126039	0.002443711	0.001713037	0.001852709	0.002701945	0.002998021	0.002193924	0.004241087	0.002899053	0.001822705	0.003735658	0.00368167	0.003598193
TAG50:3(16:1)	0.003634308	0.003183729	0.003012655	0.004489184	0.003141271	0.011730277	0.009472563	0.00968902	0.0114164	0.008746746	0.00548346	0.008896531	0.008964833	0.007832388	0.012980188	0.013011458	0.008320399	0.017815415	0.018223573	0.022429875
TAG50:3(16:2)	3.35775E-05	2.50918E-05	2.31055E-05	3.39442E-05	2.77833E-05	6.05557E-05	6.25725E-05	6.70204E-05	6.36567E-05	5.14508E-05	5.00008E-05	5.68538E-05	6.48094E-05	5.81723E-05	8.57199E-05	7.56372E-05	5.25148E-05	0.000151125	0.000107482	8.436E-05
TAG50:2(18:2)	0.000274937	0.00028911	0.000223538	0.000339068	0.000258475	0.000642711	0.000686914	0.000491095	0.000551833	0.000466119	0.000868065	0.001185389	0.001409102	0.000935153	0.001534411	0.000783537	0.000646031	0.001034542	0.001054865	0.001058576
TAG50:2(16:0)	0.002986121	0.002526257	0.001836219	0.004190556	0.002369432	0.005688913	0.005173878	0.004317358	0.005224628	0.004329622	0.005709924	0.008487272	0.010045823	0.007157224	0.011476906	0.008732556	0.006830507	0.010677445	0.013622702	0.012099965
TAG50:2(16:1)	0.002329367	0.002048726	0.001432313	0.003609537	0.001879265	0.004014066	0.003853349	0.003165457	0.003976833	0.003572614	0.00393575	0.005715269	0.006705394	0.004853271	0.007681454	0.006634257	0.005810995	0.008826983	0.011694632	0.010158606
TAG50:1(16:1)	0.000102654	0.00011826	6.72449E-05	0.000126974	0.000101325	0.000168623	0.000160756	0.000165157	0.000154753	0.00014348	0.000373896	0.000494094	0.000564125	0.000354163	0.000586269	0.000376081	0.000366612	0.000615701	0.000567963	0.000500127
TAG50:1(18:1)	0.000567732	0.000656537	0.000291868	0.001045695	0.000474188	0.000800047	0.000729101	0.000745009	0.000872815	0.000957782	0.000978236	0.001325647	0.001815991	0.001331079	0.00181279	0.002419514	0.00210557	0.003110204	0.003908999	0.002793234
TAG52:4(18:2)	0.001317578	0.001030171	0.001142068	0.00123508	0.000998902	0.00276574	0.002702762	0.003062408	0.003097375	0.002164872	0.001063021	0.001520772	0.001677705	0.001415973	0.002745783	0.003190811	0.00186667	0.004356473	0.004279708	0.005168866
TAG52:3(18:1)	0.00204034	0.001483424	0.00160077	0.00222274	0.001749652	0.005140887	0.004396624	0.00409079	0.005284388	0.004143083	0.002422635	0.003450484	0.003613474	0.003610857	0.005462969	0.006201141	0.003988044	0.00948389	0.008598476	0.011376354
TAG52:3(18:2)	0.000716204	0.000662432	0.000591281	0.000740374	0.000568596	0.001408247	0.001545625	0.001138457	0.001311195	0.001104535	0.00122724	0.001387001	0.001713298	0.001339804	0.00218999	0.001745935	0.001140324	0.00248814	0.002335302	0.002353406
TAG52:2(18:1)	0.000996132	0.000985305	0.000558667	0.001469452	0.000756066	0.001509975	0.001315928	0.001449143	0.001534106	0.001492679	0.001697209	0.001846501	0.002225326	0.002196954	0.002535385	0.000634209	0.002484912	0.00441904	0.004417078	0.004482098
TAG52:2(16:1)	0.000144645	0.000128646	9.96357E-05	0.000195704	0.000138554	0.000288886	0.000226414	0.000143193	0.000265484	0.00022548	0.000361383	0.000502688	0.000560052	0.000456596	0.000663143	0.000468785	0.000357031	0.000656473	0.000700104	0.000613624
PE28:1	0.000151515	0.000118412	0.000160377	0.000215939	0.000142701	0.000588412	0.000326555	0.000261299	0.000255034	0.000211933	0.000309713	0.00020246	0.000312296	0.000138568	0.000440844	0.000303883	0.000258297	0.000282359	0.000355764	0.000514859
PE30:2	0.000107837	9.00932E-05	0.000158978	5.05796E-05	0.000150607	0.000360061	0.000407213	0.000275896	0.000324376	0.000411004	0.000192758	0.000107039	0.000109393	8.15025E-05	0.000225422	0.000220911	1.87984E-05	0.000175009	0.000242221	0.000371899
PE30:1	0.002216097	0.001721793	0.00268373	0.002225451	0.003038871	0.005964759	0.005421955	0.00298688	0.003839745	0.002886576	0.004248485	0.002930744	0.003411919	0.002383004	0.003907215	0.002677675	0.001820067	0.002084615	0.00361822	0.004761332
PE30:0	0.000532554	0.000500975	0.00066244	0.000772601	0.00063216	0.000924407	0.000583207	0.000419954	0.000448285	0.000481787	0.001071242	0.00085538	0.000973034	0.000502352	0.001112042	0.000385958	0.000355745	0.000560406	0.000508121	0.000657996
PE32:2	0.003591998	0.002535727	0.003136849	0.003668907	0.003722854	0.005812709	0.004322158	0.003157231	0.00334686	0.002831137	0.002112296	0.001929116	0.002358592	0.001405438	0.002972048	0.002119581	0.001695497	0.002296195	0.001702037	0.00261607
PE32:1	0.011336932	0.00811474	0.010352958	0.010041812	0.012493124	0.015988644	0.015579476	0.009170242	0.010098297	0.007016389	0.011456464	0.009512025	0.009956146	0.006747303	0.010472627	0.009177096	0.006527305	0.007485393	0.009960957	0.0134042
PE32:0	0.000979291	0.000937133	0.001000066	0.000908935	0.001134281	0.001705497	0.001003232	0.000796376	0.000642575	0.000717524	0.001040011	0.000773643	0.001003717	0.000435956	0.001204435	0.000813418	0.00053621	0.000560134	0.000798554	0.001074704
PE33:2	0.000181958	0.00019867	0.000159686	0.000122425	0.000229356	0.000181656	0.000184618	8.96717E-05	8.04518E-05	7.97874E-05	0.000117538	5.23994E-05	0.000105141	1.53066E-05	8.54389E-05	5.69654E-05	0.000198482	5.17714E-05	9.10479E-05	4.30738E-05
PE33:1	0.000226699	0.000282519	0.000171271	0.00023551	0.000250796	0.000398667	0.000299143	0.000230769	0.000268372	0.000138331	0.000337889	0.000211749	0.000234947	0.000109618	0.000202498	0.000123936	0.00033744	0.000106223	0.000196578	0.000310041
PE34:2	0.010947447	0.009977817	0.009388577	0.011007803	0.012217363	0.013427525	0.010095611	0.006646587	0.006346393	0.004549233	0.006130311	0.004567151	0.005473553	0.00369937	0.006407675	0.00475608	0.002885333	0.003967478	0.004548847	0.006580903
PE34:1	0.012130672	0.011242714	0.01346781	0.015142021	0.014651282	0.019979559	0.012860773	0.01007889	0.011137286	0.007099768	0.014612897	0.01260238	0.013700846	0.00671887	0.016787016	0.010469371	0.007388708	0.008652935	0.009325169	0.015902322
PE34:0	0.000917986	0.000784683	0.00097192	0.001226912	0.001356779	0.001813901	0.000867607	0.000939757	0.000874945	0.000593728	0.001349455	0.000984922	0.00112239	0.000732271	0.001358044	0.001174765	0.000585769	0.000576683	0.000951105	0.001340809
PE36:3	0.001831223	0.001650136	0.001677199	0.001658474	0.001856801	0.002329126	0.001609366	0.000978885	0.001063813	0.000763949	0.000599671	0.000387277	0.000770564	0.000366419	0.000638404	0.000755613	0.000605972	0.000800342	0.00075888	0.001022248
PE36:2	0.002763593	0.002720113	0.002609941	0.003478983	0.002435465	0.004775032	0.00325366	0.002287584	0.002370202	0.002142109	0.002552559	0.002168574	0.003081757	0.001466747	0.002549594	0.001938301	0.001743451	0.001679506	0.001961328	0.002656335
PE36:1	0.000447243	0.000360175	0.000414322	0.0004985	0.000258734	0.00093222	0.000702956	0.000325755	0.000405262	0.000300059	0.000442544	0.000522689	0.000495574	0.000363505	0.000537636	0.000451702	0.00042904	0.000438016	0.000382238	0.00054121
PE24:0(12:0/12:0)	0.000157624	0.000108256	0.000104516	0.000160932	0.000225883	0.001652324	0.001067384	0.001086134	0.000914392	0.000977709	0.000183489	0.00013624	0.000245086	0.00017547	0.000197787	0.000985223	0.001132491	0.001303547	0.001264866	0.001778765
PE26:0(12:0/14:0)	0.001300997	0.001416619	0.001532329	0.001999874	0.001911769	0.003797975	0.00321884	0.002564672	0.00286184	0.001858597	0.004498092	0.002213594	0.002977066	0.001275825	0.003458572	0.005802985	0.005283293	0.005599013	0.006919523	0.007777685
PE30:1(12:0/18:1)	0.000741692	0.000440624	0.000564795	0.000741039	0.0008817	0.001468974	0.001257036	0.000679923	0.001054993	0.000770273	0.00209564	0.001172248	0.001506604	0.000941229	0.001641241	0.001075859	0.000436049	0.000923153	0.000867579	0.001552944
PE26:0(14:0/12:0)	0.000655624	0.000655062	0.000840819	0.000870691	0.000786642	0.002040995	0.001586014	0.001141679	0.001196597	0.001087402	0.002005435	0.001358045	0.001401454	0.000712302	0.001638597	0.002771854	0.002087728	0.0028433	0.002879634	0.002807863
PE28:1(14:0/14:1)	0.000931338	0.000659038	0.000998331	0.001054443	0.00123025	0.002713498	0.002332472	0.001462263	0.001776166	0.001772094	0.002245373	0.001617072	0.001915388	0.001253244	0.001890714	0.001950432	0.002018588	0.002547071	0.003097481	0.003183317
PE30:1(14:0/16:1)	0.027410034	0.022548401	0.029328719	0.028401622	0.03402533	0.060380631	0.048782264	0.039086255	0.037904215	0.029590806	0.041542226	0.034660865	0.039065093	0.02192237	0.042124525	0.030311211	0.019572939	0.027435149	0.033338903	0.042534524
PE30:0(14:0/16:0)	0.008624732	0.009332273	0.009789402	0.013282117	0.012050614	0.011404539	0.010634542	0.008075457	0.007569564	0.005416646	0.021622169	0.014299757	0.016998606	0.007581886	0.017754547	0.008836367	0.00524067	0.008471263	0.009546523	0.012034517
PE32:1(14:0/18:1)	0.013537419	0.012582222	0.014216677	0.016150462	0.018400145	0.028788992	0.025668182	0.024270893	0.019607379	0.013432911	0.024205739	0.019061396	0.025842545	0.011907593	0.025305373	0.016613364	0.008044493	0.013429492	0.017727006	0.025352167
PE32:0(14:0/18:0)	0.000466431	0.000366951	0.00061234	0.000648015	0.000643291	0.000901229	0.001119998	0.000909801	0.000815519	0.000460668	0.000808021	0.00083335	0.000978984	0.000506667	0.00098981	0.000698368	0.000384734	0.000604641	0.000653554	0.000944317
PE32:1(16:0/16:1)	0.119304039	0.090955301	0.121771977	0.105537171	0.124034299	0.191783249	0.142573541	0.113306999	0.119298454	0.084967572	0.1438218	0.121307279	0.135630306	0.073047273	0.137350877	0.106715631	0.079506604	0.094875235	0.113732318	0.176677434
PE32:0(16:0/16:0)	0.016524368	0.01345426	0.022145932	0.016785533	0.024038052	0.022544299	0.018371991	0.014067856	0.012911333	0.00878202	0.019170003	0.014675747	0.015361549	0.008338643	0.01852732	0.01249411	0.007969445	0.010627037	0.013022477	0.017819352
PE33:1(16:0/17:1)	0.000954573	0.001328305	0.001578538	0.001024559	0.00168673	0.001931374	0.001898325	0.00114258	0.000899893	0.000938852	0.002432704	0.001591756	0.001532221	0.000966817	0.001849662	0.00122166	0.000805138	0.001269399	0.001237121	0.001754084
PE34:2(16:0/18:2)	0.102349765	0.09664105	0.103018678	0.078875148	0.113119759	0.112901186	0.099565735	0.068991121	0.060532958	0.037543533	0.048248058	0.032791537	0.040437127	0.022151883	0.052583635	0.043446318	0.02721826	0.035043226	0.044300602	0.061289615
PE34:1(16:0/18:1)	0.148596974	0.121716009	0.139685272	0.133014554	0.165294052	0.242806047	0.205352029	0.159914031	0.153866967	0.103195347	0.192808088	0.170891217	0.191613588	0.111537665	0.198937427	0.166836212	0.107267384	0.141933854	0.166619503	0.255848911
PE34:0(16:0/18:0)	0.006238118	0.004820981	0.00513463	0.005829017	0.00578513	0.007976504	0.007369255	0.005165271	0.004651929	0.003235635	0.006796819	0.005527994	0.006701216	0.00345232	0.008488929	0.005692892	0.003572938	0.004647494	0.005353872	0.008068811
PE34:4(18:3/16:1)	0.000877161	0.00063548	0.000861697	0.00073752	0.001006991	0.002066816	0.002006123	0.001347033	0.001668127	0.000944099	0.00015471	0.000140134	0.000270873	3.7361E-05	0.000254745	0.000726989	0.000511787	0.000759547	0.000681952	0.00118937
PE34:3(18:3/16:0)	0.003473877	0.002560985	0.00331763	0.00293968	0.004062767	0.006332467	0.005426082	0.004226831	0.003912053	0.002589541	0.001226357	0.000867101	0.001097525	0.000657695	0.001460933	0.002258989	0.001627371	0.00212277	0.002341829	0.003308776
PE34:1(18:0/16:1)	0.003481581	0.002014847	0.00335533	0.002691401	0.003522802	0.009795499	0.007097918	0.004371424	0.00574158	0.004543996	0.004056959	0.003811578	0.004619176	0.002323923	0.005245015	0.004607161	0.003669207	0.003398013	0.004438275	0.00607822
PE34:0(18:0/16:0)	0.012687459	0.010204975	0.010732279	0.01055917	0.012020038	0.016779637	0.013993542	0.009725285	0.008837485	0.006340251	0.013460371	0.014132587	0.01242376	0.006811067	0.016802803	0.010420125	0.005661414	0.008637704	0.009743826	0.015420794
PE36:2(18:0/18:2)	0.00277086	0.001955427	0.002254467	0.001449492	0.002426097	0.007731966	0.005058507	0.003845458	0.004404797	0.003485981	0.001581097	0.001505196	0.00145932	0.001028306	0.001998642	0.003317915	0.002737769	0.002142769	0.002906368	0.003294492
PE36:1(18:0/18:1)	0.00601242	0.00393865	0.00464141	0.004991818	0.005081162	0.012530951	0.008956775	0.005654689	0.007577622	0.005383375	0.006495269	0.005738325	0.005638602	0.003498591	0.007399457	0.006188167	0.004704589	0.00580997	0.005908148	0.009015298
PE36:0(18:0/18:0)	0.000400631	0.000342261	0.000319682	0.000366396	0.000408437	0.000822417	0.000584672	0.000431139	0.000511414	0.000260674	0.00035368	0.000290793	0.000442271	0.000251195	0.000422384	0.000287466	0.000283492	0.000438484	0.000361494	0.000591017
PA32:2	2.25316E-05	1.94397E-05	2.10644E-05	4.27778E-05	2.60036E-05	5.53459E-05	4.15655E-05	9.86693E-05	9.0157E-05	6.7779E-05	8.79593E-05	8.90873E-05	0.00012755	0.000111348	0.000134768	0.000116543	0.000124422	0.000153522	0.000117635	0.000117635
PA32:1	4.95294E-05	4.84206E-05	3.34585E-05	9.08941E-05	6.23614E-05	0.000143049	8.26254E-05	0.000215436	0.000158571	0.000142689	0.000212846	0.00021673	0.000245479	0.000187057	0.000292661	0.000359084	0.000217408	0.000329806	0.000326246	0.000320991
PA34:3	2.72148E-05	2.85213E-05	1.85594E-05	3.40755E-05	2.99665E-05	3.97074E-05	2.33006E-05	6.5611E-05	5.03166E-05	4.28701E-05	4.94205E-05	5.74722E-05	6.51941E-05	4.41329E-05	6.28068E-05	0.000101521	4.7203E-05	6.90508E-05	6.26906E-05	7.18647E-05
PA34:2	0.000102239	0.000106536	5.58206E-05	0.000143626	0.000110862	0.00015345	8.8435E-05	0.000202668	0.00018962	0.000114422	0.000184734	0.000206156	0.000197427	0.000154297	0.000253965	0.000308224	0.000211892	0.00030647	0.000268944	0.000238035
PA34:1	7.87998E-05	9.62429E-05	4.96789E-05	0.000163725	0.0001082	0.000196088	0.000112925	0.00028176	0.000233059	0.000154484	0.000269568	0.000343235	0.000327081	0.000272698	0.000455528	0.000427916	0.000334693	0.000478151	0.000516741	0.000522313
CL66:5	0.000325064	0.000397988	0.000251435	0.000569987	0.000408322	0.000243046	9.69794E-05	0.000135808	0.000619167	7.47119E-05	0.000104713	0.000128871	0.000352961	4.46398E-05	0.000206325	0.000119178	0.00011346	0.000253792	0.000415394	0.000264127
CL66:4	0.000213473	0.000140643	8.61467E-05	0.000277099	0.000297361	0.000636304	0.000263432	8.08652E-05	0.00062633	0.000351909	0.000450312	0.000292519	0.000384724	0.000186101	0.000438969	0.000359265	0.001014239	0.000157049	0.000273739	0.000192684
CL64:4(16:1)	0.00285483	0.003120251	0.001853289	0.004531077	0.003437667	0.002264516	0.001096207	0.000722792	0.003487883	0.001859231	0.003026139	0.002450967	0.003387239	0.001106665	0.003310174	0.001373573	0.003091573	0.00152628	0.001719275	0.002402455
CL66:5(16:1)	0.004375194	0.004095641	0.002513779	0.006273227	0.004205075	0.00351152	0.001189348	0.001094904	0.004375421	0.001461836	0.001629181	0.002043915	0.002517142	0.001500217	0.002894929	0.00142097	0.00430612	0.002868622	0.002520589	0.002509305
CL66:4(16:1)	0.002062744	0.001344496	0.001074927	0.002362316	0.001947194	0.004910017	0.002229496	0.001427386	0.007739159	0.001956613	0.004308178	0.00326991	0.004441097	0.001846598	0.003382385	0.002212071	0.007684336	0.004104407	0.004077901	0.003724891
CL68:6(18:2)	0.001482265	0.002082871	0.001043768	0.002439436	0.00161446	0.000733009	0.000297185	0.000774114	0.001732186	0.000258286	0.000286518	0.000600253	0.00052064	0.000316071	0.000530222	0.000546618	0.00150572	0.00096457	0.001058353	0.000834899
CL68:5(16:1)	0.001162695	0.001425391	0.000641625	0.00160227	0.001152317	0.002617974	0.001111361	0.001139257	0.004195207	0.001106928	0.001172385	0.001080881	0.001994425	0.000723822	0.001403434	0.000809313	0.004760473	0.002284343	0.001978606	0.00123227
CL68:4(16:1)	0.00039517	0.000301858	0.000201248	0.000446114	0.000436473	0.0019002	0.000873794	0.000623632	0.003166776	0.001087723	0.001152366	0.00099125	0.001432408	0.000361715	0.001063731	0.000969142	0.002115622	0.001272992	0.001110043	0.001390598
CL70:7(18:2)	0.000741233	0.001629777	0.000598371	0.001270925	0.000954441	0.000622248	0.000368749	0.000358068	0.001207085	0.000346747	0.000162369	4.00142E-05	0.000195394	5.14163E-05	0.000437437	0.000332529	0.000256903	0.00020855	0.000535598	0.000763023
CL70:6(18:2)	0.000713427	0.000736649	0.000288091	0.00055928	0.000447403	0.000797878	0.000430709	0.000246311	0.000952925	0.00054208	0.000324399	0.000193437	0.000323073	0.000175614	0.000459039	0.000347258	0.001333716	0.000456402	0.000447732	0.000629872
PI 32:3	4.51494E-05	2.2606E-05	3.14615E-05	5.3551E-05	2.61739E-05	7.46683E-05	7.42853E-05	7.32583E-05	9.19342E-05	8.84E-05	9.3602E-05	9.11812E-05	0.000133062	7.9967E-05	0.000142311	0.000117148	5.29552E-05	9.60185E-05	0.0001488	0.000142456
PI 32:2	0.001271913	0.001164467	0.000996832	0.001555043	0.001217018	0.002015646	0.002034799	0.001923432	0.002188598	0.002650362	0.00367371	0.003182208	0.004556244	0.002936134	0.005231009	0.002320107	0.001343635	0.003034856	0.003324816	0.00330327
PI 32:1	0.002539433	0.002175741	0.001697253	0.002819548	0.002047776	0.003443601	0.003995916	0.003188921	0.003551228	0.004359013	0.009280845	0.00787873	0.011746596	0.006675935	0.01250438	0.005304318	0.003626256	0.00623106	0.007910154	0.007319231
PI 32:0	0.000208677	0.000176138	0.000131635	0.000232047	0.000164136	0.000238356	0.00027125	0.000231456	0.000296672	0.000322096	0.000652276	0.000610225	0.000872422	0.000478498	0.00092434	0.000366307	0.000345046	0.000577068	0.000609845	0.000465372
PI 33:2	7.41727E-05	5.77658E-05	5.44587E-05	7.53881E-05	8.57405E-05	0.000113903	0.000203953	0.000160195	0.000170922	0.000162339	0.000225785	0.000169452	0.000249539	0.000157265	0.000313127	0.000219342	0.000124057	0.000228782	0.000294174	0.000271464
PI 33:1	5.43708E-05	5.66636E-05	4.64377E-05	5.82673E-05	5.64285E-05	0.000113897	0.000136856	6.71218E-05	0.000124855	0.000158189	0.000214791	0.000207099	0.000272295	0.000187387	0.000339817	0.000187489	0.000123149	0.000219849	0.000227759	0.000238311
PI 34:3	0.002213371	0.002453689	0.001772055	0.002996758	0.002583139	0.002359173	0.003012954	0.002818025	0.003313368	0.003065346	0.004439102	0.003218609	0.005100922	0.003212945	0.006218505	0.002821999	0.001704483	0.003270472	0.003882536	0.003770106
PI 34:2	0.009135102	0.008802673	0.007227972	0.012142393	0.010159347	0.0102803	0.012996139	0.011849935	0.012936338	0.013572476	0.021539702	0.015916844	0.023854074	0.014346664	0.02919121	0.014525332	0.008633077	0.017692371	0.020694974	0.019850876
PI 34:1	0.002482855	0.002505246	0.001862634	0.003054347	0.002890571	0.002952689	0.003589275	0.003393495	0.003506169	0.003816201	0.009045781	0.0064782	0.010193036	0.005451206	0.01141763	0.005765957	0.004164973	0.006936979	0.007901401	0.007740955
PI 34:0	0.000187329	0.000170753	0.000141025	0.000236454	0.000176268	0.00024645	0.000215749	0.000212654	0.000218431	0.000254785	0.000637516	0.000506231	0.00072409	0.000379577	0.000783516	0.000419191	0.000353967	0.000518087	0.000593347	0.000608218
PI 35:2	0.000110805	0.000108509	7.92464E-05	0.000124057	0.000162238	0.000137386	0.000221004	0.000175754	0.000174541	0.000176175	0.000200438	0.000197503	0.000205531	0.000171411	0.000330656	0.000213439	6.79413E-05	0.000207417	0.000260212	0.000240386
PI 35:1	2.21859E-05	2.87509E-05	2.72396E-05	4.19912E-05	2.91354E-05	5.03211E-05	6.18956E-05	7.80096E-05	5.61161E-05	8.04724E-05	8.14182E-05	7.69137E-05	0.000139132	6.82796E-05	0.000150704	8.04107E-05	5.29015E-05	9.17088E-05	0.000138984	0.000152333
PI 36:5	8.1159E-05	0.000103256	5.60326E-05	0.000103994	0.000105365	2.55189E-05	4.59181E-05	5.58013E-05	4.01182E-05	1.87058E-05	5.11045E-05	3.81274E-05	5.56823E-05	5.13856E-05	7.68556E-05	3.1982E-05	2.93147E-05	5.45381E-05	4.63486E-05	2.96939E-05
PI 36:4	0.003098621	0.002302213	0.001866805	0.003921004	0.003049792	0.001247342	0.00182008	0.001375205	0.001431998	0.001260649	0.001823128	0.001402372	0.001964147	0.001084632	0.00261041	0.001342355	0.000820557	0.001598022	0.001720978	0.001890049
PI 36:3	0.016529532	0.011583718	0.010611663	0.020722362	0.016395004	0.011303396	0.01480405	0.011672639	0.012953046	0.012107145	0.015422651	0.011829407	0.016410996	0.009394288	0.020520666	0.011896486	0.006660847	0.013122467	0.016438065	0.016500055
PI 36:2	0.005881852	0.004990611	0.003789592	0.00824876	0.006865062	0.005608877	0.006664698	0.004781811	0.005730063	0.005876108	0.01215043	0.008345305	0.011503522	0.006333468	0.013171574	0.007292837	0.004113857	0.00794373	0.009901661	0.009442182
PI 36:1	0.000739454	0.000672163	0.000476427	0.000973216	0.000865823	0.000746497	0.00086561	0.000558563	0.000873519	0.000812764	0.002013795	0.001550586	0.002315144	0.000943157	0.002496687	0.001193037	0.000965726	0.001377266	0.00167847	0.001699818
PI 36:0	4.75705E-05	4.51636E-05	3.81756E-05	6.26746E-05	4.30605E-05	7.53087E-05	7.14658E-05	5.77222E-05	8.93193E-05	8.13483E-05	0.000173107	0.000151231	0.000187373	0.000100029	0.000272608	0.000123952	9.22453E-05	0.000105877	0.000175548	0.000184216
PI 37:2	2.91324E-05	3.10325E-05	2.96605E-05	3.39109E-05	4.169E-05	3.76995E-05	6.34157E-05	4.80558E-05	1.67235E-05	4.23971E-05	4.26969E-05	6.2777E-05	6.92117E-05	4.26524E-05	8.22773E-05	5.92972E-05	7.27781E-06	7.44029E-05	6.32529E-05	7.29301E-05
PI 38:3	6.66987E-05	7.28186E-05	5.78445E-05	0.000125552	8.44544E-05	4.97865E-05	8.00528E-05	7.50571E-05	7.1094E-05	5.49239E-05	8.50939E-05	9.6991E-05	0.000122377	5.82632E-05	0.00012301	9.48764E-05	1.79949E-05	7.30464E-05	0.00010886	0.000125472
PI 38:2	0.000138491	0.000187059	0.000129541	0.000265913	0.000195324	0.000135912	0.000182472	0.000133347	0.000134499	0.000119788	0.000347388	0.000207304	0.000396229	0.000142633	0.000401977	0.000147558	5.35088E-05	0.000152841	0.000163349	0.000154665
PI 38:1	7.68807E-05	7.99516E-05	7.8856E-05	0.000127851	0.000111804	0.000118089	0.000119278	0.00010845	9.49545E-05	0.00011056	0.000182205	0.000144124	0.000199639	8.57692E-05	0.000210724	0.000138039	6.60817E-05	7.99199E-05	0.000131296	0.0001674
PS 32:2	0.000703867	0.000721776	0.000532959	0.000961055	0.000786712	9.13928E-05	6.70568E-05	4.95844E-05	6.04238E-05	5.79906E-05	4.08314E-05	2.87396E-05	6.70922E-05	2.34508E-05	6.13871E-05	2.45866E-05	1.11618E-05	2.4481E-05	5.81198E-05	6.29258E-05
PS 32:1	0.002506902	0.002823241	0.002022406	0.003778623	0.002535918	0.000202423	0.000251106	0.000126941	0.000152889	9.7975E-05	8.71039E-05	0.000112314	0.000122885	6.78466E-05	0.000197888	9.74068E-05	8.31737E-05	0.000119155	0.000102065	0.000204365
PS 34:3	0.000445695	0.000504121	0.00031222	0.000530701	0.000546655	8.46961E-05	3.04735E-05	8.01965E-05	2.26404E-05	3.91253E-05	3.70785E-05	5.59036E-05	4.90149E-05	4.30414E-05	3.61441E-05	4.7011E-05	2.91771E-05	6.74047E-05	5.84425E-05	4.68031E-05
PS 34:2	0.008084685	0.008310158	0.006161485	0.010278689	0.007957485	0.000930561	0.000805582	0.000692864	0.000695018	0.000468125	0.000405543	0.000553536	0.000723606	0.000362275	0.000705683	0.000521555	0.000652436	0.000620911	0.000627502	0.00098047
PS 34:1	0.004652036	0.005937267	0.003743872	0.007282113	0.004656216	0.000538179	0.00046664	0.000393662	0.00046847	0.000372037	0.000278351	0.000281698	0.000498474	0.00019	0.000558087	0.000429078	0.000438339	0.0003844	0.000421706	0.000604585
PS 36:3	0.003004865	0.003178528	0.002179194	0.003632313	0.002852194	0.000426522	0.000390541	0.000320872	0.000413425	0.00021752	0.000180908	0.000165024	0.00023221	0.00013785	0.000292945	0.000225792	0.000308529	0.000191076	0.000272864	0.000340583
PS 36:2	0.008666952	0.008915467	0.006511697	0.01269997	0.009058077	0.002146525	0.002039521	0.001795535	0.002324985	0.001724113	0.001557428	0.001562023	0.002488174	0.001199476	0.002509723	0.002069448	0.001492792	0.001853135	0.001809526	0.002676034
PS 36:1	0.003328047	0.003468595	0.002900999	0.003962208	0.003189012	0.003627741	0.003744451	0.003787333	0.00398028	0.003678285	0.003637951	0.003696897	0.004019828	0.003381038	0.00409557	0.006028297	0.006588211	0.005738462	0.005799337	0.006192902
PG30:1	9.18161E-06	7.20293E-06	1.24976E-05	6.86109E-06	2.04776E-05	0.000257301	1.90461E-05	2.3852E-05	1.87962E-05	5.54084E-06	1.28955E-05	6.70503E-06	1.28823E-05	6.74197E-06	1.26302E-05	6.93947E-06	1.2915E-05	1.65725E-05	2.16088E-05	7.31137E-06
PG32:2	3.53866E-05	2.65609E-05	4.82552E-05	2.30326E-05	7.32941E-05	0.00036845	2.82573E-05	4.4805E-05	6.52596E-05	1.14162E-05	1.4779E-05	1.20438E-05	1.45639E-05	1.07155E-05	1.62113E-05	1.2176E-05	1.20997E-05	1.73107E-05	1.30939E-05	1.44993E-05
PG32:1	6.54297E-05	4.32189E-05	0.000111193	4.26186E-05	0.000125621	0.00112908	0.000115102	0.000121903	0.000118926	5.91966E-05	5.66255E-05	5.29484E-05	4.23824E-05	3.53663E-05	4.99695E-05	3.15537E-05	7.68754E-05	6.14552E-05	4.56804E-05	5.77298E-05
PG34:4	6.17515E-05	8.52731E-05	0.000201594	6.91375E-05	0.000180081	0.004917204	0.000341325	0.000582045	0.000758535	0.00037514	6.79463E-05	9.86398E-05	9.21762E-05	0.000100597	8.39708E-05	0.000136272	0.000425474	0.000253253	0.000141457	0.000163507
PG34:3	2.2529E-05	3.58919E-05	4.98262E-05	2.22646E-05	5.81582E-05	0.000360973	4.5044E-05	5.40421E-05	4.32499E-05	1.2171E-05	1.69405E-05	1.05604E-05	1.49966E-05	1.19128E-05	1.67459E-05	1.16748E-05	2.49562E-05	2.5832E-05	1.33994E-05	1.13673E-05
PG34:2	8.42926E-05	9.4339E-05	0.000123357	5.77155E-05	0.000164171	0.001140312	0.000112944	0.000114648	0.000169516	4.51523E-05	3.82341E-05	4.80539E-05	4.66845E-05	3.06292E-05	5.44021E-05	2.50663E-05	6.30589E-05	2.12308E-05	3.8182E-05	3.76105E-05
PG34:1	4.23292E-05	6.74916E-05	8.72592E-05	3.81503E-05	8.64686E-05	0.001158579	5.73098E-05	0.000163297	0.000157134	3.93619E-05	2.7324E-05	3.76217E-05	4.15276E-05	4.08423E-05	4.39649E-05	3.44056E-05	3.25334E-05	5.03281E-05	4.87051E-05	5.43267E-05
PG36:3	3.97982E-05	3.73846E-05	5.11305E-05	2.1944E-05	6.30505E-05	0.000396995	1.84293E-05	2.50066E-05	4.25328E-05	1.64613E-05	1.22138E-05	7.75177E-06	1.57175E-05	6.20108E-06	1.65088E-05	1.63841E-05	3.6514E-05	1.44782E-05	1.33015E-05	1.08877E-05
PG36:2	1.50406E-05	1.2056E-05	1.76886E-05	1.0948E-05	2.75506E-05	0.000147807	1.96519E-05	3.56928E-05	1.63691E-05	1.69459E-05	9.02765E-06	5.98107E-06	5.45655E-06	5.49887E-06	8.39857E-06	1.03121E-05	1.75184E-05	3.03157E-05	1.80007E-05	7.03951E-06
FFA18:0	0.668714957	0.745956112	0.814811178	0.924514627	0.976544148	1.952858053	1.891737777	1.776667129	1.472761086	1.631510389	1.769546317	1.871887146	1.288672603	1.534644533	1.61666758	2.497093997	2.004143909	2.391957563	2.454686538	3.148217613
FFA16:0	1.866658288	1.843775729	1.968727936	2.310469209	2.395624777	4.514022187	4.577808439	3.198587282	2.939684614	3.044016264	3.816411933	3.939730565	2.986458798	2.85666236	3.511423636	5.97278123	4.060370651	5.098955873	5.327478222	6.297404
LysoPC16:1	0.000461954	0.00037097	0.00039127	0.000393372	0.000527826	0.000650888	0.000546848	0.000664678	0.000686449	0.000646899	0.000451219	0.000546259	0.000591615	0.000509396	0.001020785	0.000654972	0.000368942	0.000660443	0.000819496	0.00111672
LysoPC16:0	0.000351024	0.000270299	0.000274241	0.000284839	0.000307009	0.000421019	0.000503702	0.000436381	0.000487857	0.000537458	0.000414892	0.000435287	0.000451428	0.00038025	0.000751166	0.000749126	0.000709133	0.000875086	0.0009984	0.000785375
LysoPC18:2	0.000305322	0.000357779	0.000271858	0.000231334	0.000359302	0.000408968	0.000416071	0.00044243	0.000507326	0.000361782	0.000239287	0.000173579	0.000332834	0.000236806	0.000422008	0.000544058	0.000496714	0.000546608	0.000691055	0.00058126
LysoPC18:1	0.000313058	0.000274777	0.000313457	0.000271925	0.000377299	0.000475283	0.000376291	0.000384023	0.000365549	0.000359694	0.000351566	0.00034028	0.000409844	0.000378936	0.00075027	0.000572154	0.000351324	0.000625662	0.000773787	0.000837997
PC27:0	0.000118167	0.000187157	0.000118758	0.000147013	0.000142852	0.00012125	9.32947E-05	9.07695E-05	7.45836E-05	9.90208E-05	0.000401029	0.000188516	0.000353745	0.000196624	0.000392656	0.000194015	0.000144806	0.000188617	0.000172684	0.000235686
PC28:2	0.000510883	0.000491371	0.000425239	0.000690255	0.000583035	0.000416564	0.0004449	0.000339158	0.000315684	0.000504521	0.000594515	0.000496535	0.00063361	0.000391608	0.000762369	0.000626951	0.000436007	0.000833918	0.000714599	0.000878764
PC28:1	0.006079214	0.005605858	0.004682162	0.008816784	0.006001479	0.004532719	0.004299452	0.003202565	0.00437612	0.005354932	0.013423163	0.009751676	0.013902098	0.008666664	0.016268776	0.005434671	0.003923752	0.005745535	0.006414057	0.007219059
PC29:1	0.000393921	0.000465565	0.000445735	0.000437665	0.000450914	0.000403101	0.000494155	0.000492326	0.000401428	0.00049769	0.001241681	0.000759988	0.001029481	0.000740845	0.001119928	0.000507263	0.000335032	0.000528185	0.000506292	0.000630811
PC29:0	0.000114772	0.000154918	0.000152005	0.00016346	0.000154149	0.000165511	0.000212089	0.000140454	0.000161134	0.000151455	0.000474448	0.000352619	0.000423882	0.000352418	0.000454873	0.000252443	0.000107208	0.000141901	0.000152588	0.000282209
PC30:2	0.006030895	0.005442961	0.005251865	0.007900794	0.006504726	0.006274195	0.005995126	0.0050303	0.006423603	0.007421013	0.007166799	0.006222905	0.009108178	0.005628535	0.010655359	0.006149528	0.004149679	0.006895783	0.007587535	0.008923195
PC30:1	0.028152006	0.023342182	0.021775293	0.036678332	0.028904008	0.023593074	0.025437342	0.019211902	0.024178557	0.023614719	0.037011357	0.035279759	0.046750267	0.027199145	0.052358656	0.025246643	0.016835196	0.028984964	0.03109734	0.035551708
PC30:0	0.003679766	0.003698448	0.003176669	0.005653701	0.004174334	0.002636468	0.002559414	0.002138052	0.002591851	0.002445395	0.005770867	0.005647718	0.007006339	0.003801592	0.008106711	0.003392393	0.001932185	0.003214989	0.00370226	0.00445398
PC31:2	0.000511561	0.000450574	0.000445085	0.000443571	0.000447279	0.00038525	0.000473463	0.000473694	0.000379781	0.000341674	0.000452387	0.000305199	0.000491978	0.000276899	0.000511068	0.000375742	0.000306038	0.000365453	0.000375798	0.000465979
PC31:1	0.001040133	0.001025434	0.000920993	0.001138177	0.001197677	0.00118606	0.001595983	0.001260557	0.001024514	0.001011892	0.001748617	0.001414258	0.001981175	0.001230647	0.002232006	0.001412274	0.000994442	0.001403495	0.001820811	0.001920619
PC31:0	0.00014385	0.000173464	0.000164807	0.000169131	0.000182207	0.000204698	0.000263475	0.000186098	0.000187445	0.000271857	0.000301378	0.000341431	0.000406313	0.00032276	0.000453611	0.00022125	0.000115312	0.000241849	0.000313592	0.000336218
PC32:3	0.002480248	0.002505931	0.002084852	0.002740487	0.002425171	0.002138017	0.002401424	0.002232702	0.002163838	0.002218195	0.001266729	0.000991063	0.001444896	0.000790889	0.001992078	0.00222353	0.00104501	0.002027664	0.002354848	0.002474993
PC32:2	0.064160199	0.053619455	0.05271901	0.072326297	0.067130078	0.058427312	0.058020157	0.057538545	0.058664912	0.066814782	0.062364536	0.060390023	0.079983053	0.050356515	0.09471794	0.065989706	0.045750723	0.072332761	0.08388786	0.095047613
PC32:1	0.071384367	0.059501612	0.056511767	0.080894878	0.069186166	0.066086422	0.065617422	0.054253338	0.06917049	0.069605759	0.074144677	0.06874695	0.090879896	0.055734844	0.114256887	0.075548473	0.053249468	0.078662852	0.087361906	0.104729363
PC32:0	0.006623794	0.005974227	0.005774629	0.00818063	0.006641125	0.005492857	0.006030918	0.004541495	0.005833535	0.00565904	0.007240287	0.006672658	0.008224889	0.004709711	0.011078223	0.006585616	0.004758502	0.007055083	0.00741801	0.009203885
PC33:3	0.00018602	0.000171067	0.00015506	0.000151954	0.000153409	0.000103058	0.000156408	0.000121837	0.000128767	7.75983E-05	6.51393E-05	6.43081E-05	6.46771E-05	2.37486E-05	8.5915E-05	0.000122833	9.02888E-05	7.60656E-05	0.000106843	0.000124377
PC33:2	0.001220831	0.001100445	0.001107704	0.001268876	0.001418361	0.001064917	0.001480064	0.001214957	0.001216926	0.00104712	0.001092932	0.00095622	0.001401327	0.000832823	0.001687419	0.001537915	0.000876223	0.001440517	0.001806273	0.001779869
PC33:1	0.000931979	0.000821141	0.000951202	0.001160782	0.001149057	0.001322457	0.001600738	0.001225454	0.001577996	0.001496808	0.001442176	0.001445492	0.001954033	0.001496827	0.002355418	0.001725996	0.001060047	0.001678263	0.002051019	0.002106745
PC33:0	9.59493E-05	8.70713E-05	0.000107967	0.000117235	0.000114731	0.000136753	0.000192007	0.000201067	0.000180734	0.000211849	0.000211554	0.000211439	0.000269336	0.000257547	0.000360657	0.000213154	0.000178018	0.000172447	0.000273708	0.000286349
PC34:4	0.001263975	0.0011077	0.000981187	0.001006931	0.001251062	0.000719863	0.001098289	0.001014732	0.000923457	0.00078765	0.000358914	0.000291892	0.000442747	0.000302577	0.000526121	0.000992507	0.000643722	0.001071279	0.001051328	0.001322388
PC34:3	0.035999585	0.036590597	0.029538281	0.041256551	0.038756886	0.021954755	0.027240779	0.029903539	0.024298476	0.023542683	0.017450342	0.013814877	0.020282823	0.011729529	0.02118009	0.027969007	0.017886494	0.030767602	0.030452966	0.036295416
PC34:2	0.086754129	0.080562239	0.071990768	0.101587741	0.088234401	0.081964325	0.081499281	0.075960713	0.087644869	0.085015173	0.066281928	0.06715815	0.084461469	0.060237349	0.108172008	0.09016964	0.063100282	0.100794284	0.105331394	0.131297919
PC34:1	0.034109113	0.032124113	0.026924451	0.043315398	0.032553337	0.029997713	0.028322727	0.027752118	0.032694503	0.030914713	0.029748052	0.033896858	0.042687968	0.026082907	0.047559024	0.039679807	0.026545039	0.041470713	0.043166422	0.056282518
PC34:0	0.002576579	0.00253086	0.002011359	0.003464556	0.002391814	0.002198625	0.002229263	0.001973601	0.002460833	0.002438387	0.002319869	0.002940147	0.00324401	0.002147524	0.003732102	0.003139915	0.002153899	0.003324762	0.00311235	0.003959122
PC35:3	0.000351401	0.000290135	0.000294641	0.00034282	0.000337517	0.000191712	0.000355886	0.000269689	0.000247839	0.000202005	0.000148882	0.000125025	0.000145262	9.34245E-05	0.000257009	0.000295747	0.000155306	0.000271955	0.00023483	0.00034297
PC35:2	0.000569875	0.000437925	0.000524124	0.000715032	0.000669133	0.000702293	0.000822389	0.000675814	0.000748014	0.000693119	0.000498165	0.000505303	0.000554716	0.000467718	0.000788601	0.000789616	0.000529163	0.000819541	0.000824701	0.001069634
PC35:1	0.000161917	0.000129955	0.000137579	0.000208443	0.000205547	0.000321938	0.00039113	0.000278748	0.000395738	0.000432982	0.000273717	0.000379641	0.000434464	0.000378113	0.000541766	0.000397425	0.000225657	0.000452217	0.000441429	0.000513425
PC36:4	0.005703879	0.007183398	0.004627785	0.006743091	0.006824226	0.00268029	0.003640013	0.003504142	0.003111202	0.00238023	0.001530553	0.001190892	0.001627355	0.00108079	0.001971501	0.00368221	0.002602047	0.003976406	0.003649228	0.004633548
PC36:3	0.024180116	0.02171121	0.0184372	0.029726312	0.024268723	0.017704856	0.020399894	0.020535567	0.020027483	0.016865103	0.008192775	0.0071296	0.009682941	0.006434214	0.014047494	0.023619887	0.014641307	0.025722593	0.024631105	0.031330253
PC36:2	0.014942723	0.012827013	0.010275158	0.020586541	0.013912548	0.015678119	0.014655974	0.012475063	0.016501377	0.015654308	0.011674614	0.012505216	0.014169999	0.011579407	0.019130114	0.016696915	0.011612677	0.01972034	0.018827949	0.023273246
PC36:1	0.001592818	0.001387537	0.001142775	0.002350183	0.001523702	0.001659387	0.001636018	0.001279344	0.001825617	0.001447488	0.001661729	0.001638713	0.002008802	0.001530019	0.002335903	0.001931862	0.001198766	0.002389069	0.002075515	0.002972546
